Epoch	Time(sec)	Loss_train	AUC	Precision	Recall	AP	AUPR
1	107.99300097674131	6078.920911937952	0.7679643224978311	0.8545760808534532	1.0	0.9500095800577804	0.9499839906694685
2	215.3427692083642	5590.117712885141	0.8257931293410925	0.8643101482326112	0.9960578186596584	0.9636787191543145	0.9636603517815787
3	322.76223215833306	5076.24397367239	0.8443003262319951	0.8791788856304985	0.9848883048620236	0.9680901096848281	0.9680754508734745
4	430.1439508795738	4674.283291339874	0.854174805554569	0.881547619047619	0.9730617608409987	0.9716584542476032	0.9716464798427049
5	536.9726970233023	4332.081763923168	0.8675564056641586	0.884272997032641	0.9789750328515112	0.9732068238322577	0.9731942780093994
6	643.7014700537547	4083.2336005866528	0.8642839385283537	0.9084017687934302	0.9448094612352168	0.9723937348937837	0.9723790488967081
7	750.9269418474287	3891.75957557559	0.8749739978386495	0.8976857490864799	0.9684625492772667	0.974685684904994	0.9746728222914889
8	858.1159719843417	3720.1927042007446	0.882437252345268	0.900609756097561	0.9704336399474376	0.9768620922540598	0.9768521856870475
9	965.2243694765493	3510.408159971237	0.8776477810643382	0.9101834282099937	0.9454664914586071	0.9745578973739109	0.9745320610036287
