Epoch	Time(sec)	Loss_train	AUC	Precision	Recall	AP	AUPR
1	102.70490433648229	6332.431983560324	0.7652927238621778	0.9117832388153749	1.0	0.9725189999111368	0.9725024682708836
2	202.97023258544505	5741.680541485548	0.7371606279000888	0.9116719242902208	0.9986178299930891	0.9671510261155682	0.9671285925704356
3	303.9109704978764	5287.484700798988	0.791124494027051	0.9173660426081343	0.9820317899101589	0.9763341605980362	0.976320122113357
4	404.7936961343512	4916.145613670349	0.7610326784480206	0.9272986457590877	0.899101589495508	0.9726797476511395	0.9726636995982779
5	506.4138093534857	4542.268740832806	0.8090087866521869	0.9152866242038217	0.9930891499654457	0.978431395388256	0.9784192784636491
6	607.9611261291429	4288.256385117769	0.7990226083522559	0.9262865090403338	0.9205252246026261	0.9776851477616255	0.9776722575689065
7	709.682192126289	4036.3208902180195	0.8297388685951229	0.9280958721704394	0.9633724948168625	0.9805153363419484	0.9805047669411558
8	811.3434379482642	3877.66135469079	0.8013377431138315	0.9203135205747878	0.9737387698686939	0.9767151640286342	0.9767075260415023
9	911.8286834526807	3659.7555356025696	0.7526779543883897	0.9237228831350595	0.912232204561161	0.9708140266741914	0.9707974972051894
