Epoch	Time(sec)	Loss_train	AUC_dev	AUC_test	Precision_test	Recall_test	AP_test	AUPR_test
1	120.69202378671616	5345.2008715868	0.8344757094757095	0.82037458220936	0.8477765108323831	1.0	0.958456497973208	0.9584292132031793
2	243.7536522578448	3622.3782900571823	0.8975099423166494	0.8720948664130482	0.909717868338558	0.9596560846560847	0.9732642648805171	0.9732546279934251
3	366.24660055805	2543.9593726098537	0.9458018372703411	0.8801595547752976	0.8918073796122576	0.9707283866575902	0.9686739304241592	0.9686474212313401
4	488.3284481288865	2333.297493457794	0.958339213983281	0.9231246719160104	0.9146948941469489	0.9793333333333333	0.9841645329164062	0.9841559522905798
5	611.0715284496546	2088.180004775524	0.939575684245661	0.9364387688633157	0.9491978609625669	0.9403973509933775	0.988650808466741	0.988646923186069
6	733.5191393364221	1935.046918541193	0.9629850716194535	0.9011755257009346	0.930921052631579	0.9445927903871829	0.97860130756078	0.9785906687715293
7	856.8493119124323	2009.075742483139	0.9681583476764202	0.933823473852036	0.9135879774577332	0.9811701412239409	0.9863134195395329	0.9863080148309877
8	978.6991916978732	1880.9120646119118	0.9690635711129422	0.9277655472387892	0.9693206720233747	0.8817275747508305	0.985149673423162	0.9851423799842206
9	1117.1198423784226	2163.850022882223	0.935748151863662	0.935748151863662	0.935633709356337	0.9598366235534377	0.9862432699160653	0.9862386033783495
