Epoch	Time(sec)	Loss_train	AUC_dev	AUC_test	Precision_test	Recall_test	AP_test	AUPR_test
1	112.22923136968166	4532.301546305418	0.7421942934782608	0.6754822553643746	0.8011405901314158	1.0	0.8797132831126958	0.8796365645132376
2	252.97564616706222	4549.614683628082	0.770446794982949	0.6853464673913044	0.8967828418230563	0.9089673913043478	0.9390971897135134	0.9389102866981087
3	349.4030636623502	2202.4801661372185	0.8853701086373453	0.7360557193225825	0.8237704918032787	0.8481012658227848	0.9016988805290507	0.9013903169423669
4	436.5880319606513	1118.2967655956745	0.9788291799421497	0.7764682833993367	0.9152236109019726	0.9781139362729321	0.9610017247693032	0.9609860509447625
5	572.7964323787019	2797.9132786393166	0.840810276679842	0.8810623556581987	0.8803339517625232	0.8495971351835273	0.9543666697309083	0.9543435280954858
6	719.6913378769532	2854.4295804202557	0.935074100211715	0.7558959156785243	0.8561643835616438	0.9881422924901185	0.9198484732178499	0.9195000989208062
7	848.9484432917088	2156.259091883898	0.9198933267090047	0.902258292166549	0.8524590163934426	0.9541284403669725	0.9770531205988071	0.9770790911135698
8	974.127144745551	1807.856115847826	0.9164242924118771	0.8229027159747122	0.9408438451500652	0.9227815699658704	0.9772333558730553	0.9772258555822272
9	1120.1461552390829	2525.606438547373	0.817579006772009	0.817579006772009	0.8813186813186813	0.9051918735891648	0.9452586187941198	0.9451451253592301
